CONTAINER ID    CPU %   MEM %
1771602827      102     2.9
1771602828      102     2.9
1771602829      102     2.9
1771602830      102     2.9
1771602831      102     2.9
1771602832      102     2.9
1771602833      102     2.9
1771602834      102     2.9
1771602835      102     2.9
1771602836      102     2.9
1771602837      102     2.9
1771602838      102     2.9
1771602839      102     2.9
1771602840      102     2.9
1771602841      102     2.9
1771602842      102     2.9
1771602843      102     2.9
1771602845      102     2.9
1771602846      102     2.9
1771602847      102     2.9
1771602848      102     2.9
1771602849      102     2.9
1771602850      102     2.9
1771602851      102     2.9
1771602852      102     2.9
1771602853      102     2.9
1771602854      102     2.9
1771602855      102     2.9
1771602856      102     2.9
1771602857      102     2.9
