CONTAINER ID    CPU %   MEM %
1771603189      102     2.9
1771603190      102     2.9
1771603191      102     2.9
1771603192      102     2.9
1771603193      102     2.9
1771603194      102     2.9
1771603195      102     2.9
1771603196      102     2.9
1771603197      102     2.9
1771603198      102     2.9
1771603199      102     2.9
1771603200      102     2.9
1771603201      102     2.9
1771603202      102     2.9
1771603203      102     2.9
1771603204      102     2.9
1771603205      102     2.9
1771603207      102     2.9
1771603208      102     2.9
1771603209      102     2.9
1771603210      102     2.9
1771603211      102     2.9
1771603212      102     2.9
1771603213      102     2.9
1771603214      102     2.9
1771603215      102     2.9
1771603216      102     2.9
1771603217      102     2.9
1771603218      102     2.9
1771603219      102     2.9
