CONTAINER ID    CPU %   MEM %
1771603343 102  2.9
1771603344 102  2.9
1771603345 102  2.9
1771603347 102  2.9
1771603348 102  2.9
1771603349 102  2.9
1771603350 102  2.9
1771603351 102  2.9
1771603352 102  2.9
1771603353 102  2.9
1771603354 102  2.9
1771603355 102  2.9
1771603356 102  2.9
1771603357 102  2.9
1771603358 102  2.9
1771603359 102  2.9
1771603360 102  2.9
1771603361 102  2.9
1771603362 102  2.9
1771603363 102  2.9
1771603364 102  2.9
1771603365 102  2.9
1771603367 102  2.9
1771603368 102  2.9
1771603369 102  2.9
1771603370 102  2.9
1771603371 102  2.9
1771603372 102  2.9
1771603373 102  2.9
1771603374 102  2.9
