CONTAINER ID    CPU %   MEM %
1771603534 102  2.9
1771603535 102  2.9
1771603536 102  2.9
1771603537 102  2.9
1771603538 102  2.9
1771603539 102  2.9
1771603540 102  2.9
1771603541 102  2.9
1771603542 102  2.9
1771603543 102  2.9
1771603544 102  2.9
1771603545 102  2.9
1771603546 102  2.9
1771603547 102  2.9
1771603549 102  2.9
1771603550 102  2.9
1771603551 102  2.9
1771603552 102  2.9
1771603553 102  2.9
1771603554 102  2.9
1771603555 102  2.9
1771603556 102  2.9
1771603557 102  2.9
1771603558 102  2.9
1771603559 102  2.9
1771603560 102  2.9
1771603561 102  2.9
1771603562 102  2.9
1771603564 102  2.9
1771603565 102  2.9
