CONTAINER ID    CPU %   MEM %
1771602952      102     2.9
1771602953      102     2.9
1771602954      102     2.9
1771602955      102     2.9
1771602956      102     2.9
1771602957      102     2.9
1771602958      102     2.9
1771602960      102     2.9
1771602961      102     2.9
1771602962      102     2.9
1771602963      102     2.9
1771602964      102     2.9
1771602965      102     2.9
1771602966      102     2.9
1771602967      102     2.9
1771602968      102     2.9
1771602969      102     2.9
1771602970      102     2.9
1771602971      102     2.9
1771602972      102     2.9
1771602973      102     2.9
1771602974      102     2.9
1771602975      102     2.9
1771602976      102     2.9
1771602977      102     2.9
1771602978      102     2.9
1771602979      102     2.9
1771602980      102     2.9
1771602982      102     2.9
1771602983      102     2.9

