CONTAINER ID    CPU %   MEM %
1771601218      101     2.9
1771601219      101     2.9
1771601220      101     2.9
1771601221      101     2.9
1771601222      101     2.9
1771601223      101     2.9
1771601225      101     2.9
1771601226      101     2.9
1771601227      101     2.9
1771601228      101     2.9
1771601229      101     2.9
1771601230      101     2.9
1771601231      101     2.9
1771601232      101     2.9
1771601233      101     2.9
1771601234      101     2.9
1771601235      101     2.9
1771601236      101     2.9
1771601237      101     2.9
1771601238      101     2.9
1771601239      101     2.9
1771601240      101     2.9
1771601241      101     2.9
1771601242      101     2.9
1771601243      101     2.9
1771601244      101     2.9
1771601245      101     2.9
1771601246      101     2.9
1771601248      101     2.9
1771601249      101     2.9
