CONTAINER ID    CPU %   MEM %
1771602418      102     2.9
1771602419      102     2.9
1771602420      102     2.9
1771602421      102     2.9
1771602422      102     2.9
1771602423      102     2.9
1771602424      102     2.9
1771602426      102     2.9
1771602427      102     2.9
1771602428      102     2.9
1771602429      102     2.9
1771602430      102     2.9
1771602431      102     2.9
1771602432      102     2.9
1771602433      102     2.9
1771602434      102     2.9
1771602435      102     2.9
1771602436      102     2.9
1771602437      102     2.9
1771602438      102     2.9
1771602439      102     2.9
1771602440      102     2.9
1771602441      102     2.9
1771602442      102     2.9
1771602443      102     2.9
1771602444      102     2.9
1771602445      102     2.9
1771602447      102     2.9
1771602448      102     2.9
1771602449      102     2.9
