CONTAINER ID    CPU %   MEM %
1771602660      102     2.9
1771602661      102     2.9
1771602662      102     2.9
1771602663      102     2.9
1771602664      102     2.9
1771602665      102     2.9
1771602666      102     2.9
1771602667      102     2.9
1771602668      102     2.9
1771602669      102     2.9
1771602670      102     2.9
1771602672      102     2.9
1771602673      102     2.9
1771602674      102     2.9
1771602675      102     2.9
1771602676      102     2.9
1771602677      102     2.9
1771602678      102     2.9
1771602679      102     2.9
1771602680      102     2.9
1771602681      102     2.9
1771602682      102     2.9
1771602683      102     2.9
1771602684      102     2.9
1771602685      102     2.9
1771602686      102     2.9
1771602687      102     2.9
1771602688      102     2.9
1771602689      102     2.9
1771602690      102     2.9
