CONTAINER ID    CPU %   MEM %
1771602007      102     2.9
1771602008      102     2.9
1771602009      102     2.9
1771602011      102     2.9
1771602012      102     2.9
1771602013      102     2.9
1771602014      102     2.9
1771602015      102     2.9
1771602016      102     2.9
1771602017      102     2.9
1771602018      102     2.9
1771602019      102     2.9
1771602020      102     2.9
1771602021      102     2.9
1771602022      102     2.9
1771602023      102     2.9
1771602024      102     2.9
1771602025      102     2.9
1771602026      102     2.9
1771602028      102     2.9
1771602029      102     2.9
1771602030      102     2.9
1771602031      102     2.9
1771602032      102     2.9
1771602033      102     2.9
1771602034      102     2.9
1771602035      102     2.9
1771602036      102     2.9
1771602037      102     2.9
1771602038      102     2.9
